156188220 
801144 
999340 
999993 
999937 
1000164 
999868 
1000001 
999928 
1000136 
1000046 
999846 
999949 
816199196 
801630 
999303 
999993 
1000044 
1000029 
999857 
1000005 
1000589 
999965 
999592 
999838 
999914 
816199119 
801972 
999169 
999820 
999927 
1000285 
999837 
1000009 
999919 
1000180 
1000003 
999855 
999924 
196560390 
440355 
999488 
1000106 
999718 
1000175 
999851 
1000005 
1000348 
999932 
999858 
1000395 
1000543 
999809 
999517 
999856 
999860 
1000279 
999605 
1000034 
999937 
1000299 
999831 
1002461 
998256 
999559 
1000048 
1007506 
992654 
1000292 
999328 
1000385 
1005830 
994295 
1000088 
999477 
1000305 
1000038 
1000354 
999878 
999697 
1001011 
999178 
1001343 
998453 
999747 
999841 
999981 
999944 
1000075 
999845 
1000001 
1001135 
999885 
1001927 
1000708 
998106 
998544 
999823 
999992 
999876 
1000345 
999775 
999943 
999968 
1000040 
1000170 
999844 
1000467 
1000029 
999568 
1000237 
999776 
1000254 
1000067 
999630 
999943 
1000081 
1000015 
1000015 
999913 
1000238 
999755 
1000900 
999120 
1000149 
999846 
1000014 
999942 
1000529 
999663 
999875 
1005748 
995827 
1005317 
993405 
999837 
999955 
1000173 
999806 
1000300 
999854 
999954 
1000246 
999597 
1000362 
999812 
999891 
1000775 
1000047 
999530 
999892 
999797 
1000119 
999763 
1000000 
999924 
1000293 
999775 
1000001 
999915 
1000065 
999997 
1000007 
999925 
999984 
999987 
1000153 
999899 
1000143 
999871 
999992 
1000077 
1004151 
996758 
999239 
999743 
1000089 
999997 
999995 
999930 
1000262 
999772 
999992 
999936 
1000193 
999838 
999999 
1000200 
1000033 
999783 
999992 
999916 
1000329 
999852 
999996 
999930 
999995 
999995 
999993 
999930 
1000271 
999831 
1000004 
999931 
1000122 
1000020 
999996 
999913 
1000039 
1000022 
1000027 
999930 
1000523 
1000302 
999330 
999881 
1000292 
999810 
999967 
999881 
1000085 
1000135 
999971 
999878 
1000156 
999962 
999985 
999870 
1000161 
999861 
1000017 
999929 
1000168 
999835 
1000016 
999939 
1000108 
999995 
999999 
999912 
1000159 
999869 
999992 
999933 
1000024 
1000006 
1000014 
1000277 
999886 
999835 
1000028 
1008610 
991861 
999650 
1000077 
999868 
999920 
1000023 
1000002 
999931 
1000060 
1000001 
1000132 
999751 
1000330 
999858 
999996 
999924 
1000018 
999988 
1000000 
999939 
1006253 
1000724 
993209 
999903 
1000143 
999837 
1000005 
999920 
1000144 
1000008 
999980 
999922 
1000016 
999989 
999996 
999921 
1000150 
1000029 
1000005 
1003902 
996721 
999502 
999829 
999922 
1000180 
999949 
999997 
999760 
1000320 
999840 
999996 
999915 
1000049 
1000005 
999995 
999918 
1000192 
999997 
1000025 
999753 
1000506 
999761 
999991 
999773 
1000079 
999999 
999995 
999926 
1000185 
999995 
1000002 
999921 
1000155 
999849 
999998 
999928 
1000249 
999788 
999993 
999923 
1000518 
999718 
999845 
999919 
1000265 
999829 
1000000 
999941 
1000161 
1000004 
1000004 
999923 
1000029 
999992 
999997 
1000290 
999972 
1000050 
999623 
999927 
1000157 
1000271 
999832 
999748 
1000155 
999946 
1000005 
1007365 
992778 
999819 
999988 
999942 
1000182 
1000003 
999996 
999925 
999973 
1000018 
1000000 
999935 
1000561 
1000029 
999581 
999913 
1000071 
999914 
999990 
999918 
1000183 
1000025 
999835 
999927 
1000282 
999841 
1000000 
999930 
1000174 
999888 
1000000 
999942 
1000192 
1000346 
999529 
999919 
1000353 
999849 
1000001 
999906 
1000096 
999849 
1000001 
999925 
1000111 
1000004 
1000007 
999927 
1000269 
999856 
1000009 
1000149 
1000600 
999165 
999991 
999911 
1000217 
999838 
1000012 
999925 
1000346 
999839 
999999 
999927 
1000020 
1000004 
999994 
999928 
1000133 
999987 
1000016 
1000286 
999787 
999811 
999987 
999936 
1000202 
999987 
999988 
999929 
1000006 
1000004 
1000004 
999924 
1000135 
1000031 
999998 
1000042 
999819 
1000005 
1000008 
1003171 
997503 
999487 
999971 
999907 
1000092 
1000003 
999991 
999927 
1000019 
999995 
1000013 
999927 
1000015 
1000010 
999998 
999919 
1000258 
1004931 
994997 
999920 
1000695 
999357 
999993 
999910 
1000200 
999843 
999994 
999922 
1000295 
999832 
1000017 
999924 
1000110 
1000294 
999589 
999920 
1000062 
999986 
999991 
999951 
1000902 
999318 
999962 
999806 
1000191 
999977 
999997 
999930 
1000045 
999993 
999989 
999933 
1000172 
999879 
1000000 
999917 
1000149 
1000001 
1000022 
999923 
1000446 
999590 
1000115 
999859 
1000062 
999994 
999986 
999924 
1000159 
999948 
999994 
999911 
1000003 
999997 
1000035 
999923 
1000207 
999869 
999994 
1009192 
991270 
999579 
999990 
999926 
1000179 
999842 
1000002 
999923 
1000188 
999967 
999997 
999936 
1000154 
999841 
1000006 
999936 
1000208 
999780 
1000013 
1006864 
994012 
999215 
999995 
999913 
1000146 
999985 
1000001 
999911 
1000148 
999836 
1000009 
999924 
1000142 
1000034 
999997 
999933 
1000010 
999995 
999993 
1007964 
992429 
999809 
999779 
999913 
1000264 
999849 
1000002 
999927 
1000022 
1000032 
1000029 
999933 
1000680 
999642 
999792 
999913 
1000234 
999784 
999959 
999920 
1000850 
999563 
999893 
999758 
1008524 
992286 
999572 
999645 
1000638 
999650 
999935 
1000018 
1000166 
999799 
1000045 
1000154 
999991 
1000316 
999972 
1000457 
999829 
1000018 
999713 
999664 
999736 
1000247 
999905 
999982 
1000235 
999747 
1000046 
999980 
999849 
1000219 
999913 
999978 
999835 
1000209 
1000068 
1000813 
999489 
999476 
1000099 
999861 
1000080 
999971 
999983 
999921 
1000341 
999693 
1000045 
999911 
1000335 
999811 
999823 
999914 
1000641 
999448 
1000000 
999925 
1001190 
999833 
999155 
999945 
1000136 
999931 
1000016 
999915 
1000224 
999855 
999978 
999948 
1000061 
1000001 
1000008 
999904 
1000020 
1000028 
1000032 
999941 
1000286 
999886 
999927 
999921 
1000063 
1000167 
1000242 
999454 
1000221 
999787 
1000005 
999932 
1000199 
1000017 
999882 
999936 
1000169 
999998 
999987 
1000113 
1000681 
999174 
1000013 
999897 
1000229 
999844 
999997 
999931 
1000026 
1000022 
999988 
999924 
1000193 
999834 
1000149 
999921 
1000207 
999893 
1000074 
1007228 
993307 
999669 
999661 
999909 
1000246 
999831 
1000008 
999920 
1000247 
999843 
999999 
999913 
1000060 
999998 
999993 
999942 
1000029 
1000003 
1000024 
999940 
1000742 
999408 
999825 
1000075 
1000003 
1000000 
1000012 
999920 
1000042 
1000003 
999993 
999956 
1000166 
999857 
999997 
999920 
1000399 
999772 
1000005 
1000177 
1000994 
998982 
999935 
999754 
1000395 
999671 
999996 
999955 
1000100 
1000014 
999992 
999927 
1000050 
1000007 
1000012 
999938 
1000144 
999858 
1000032 
1010860 
989433 
999760 
999999 
999938 
1000192 
999832 
1000003 
999948 
1000199 
999836 
999987 
999923 
1000136 
1000016 
999990 
999928 
1000127 
999997 
999992 
999919 
1000372 
999962 
999914 
999872 
1000104 
999835 
999998 
999937 
1000038 
1000003 
999983 
999953 
1000170 
999837 
1000026 
999952 
1000023 
1000003 
1000001 
1006664 
994141 
999322 
999825 
1000074 
1000156 
999822 
1000002 
999923 
1000191 
999992 
1000002 
1001702 
998307 
999999 
999838 
999974 
1000288 
999857 
999989 
1002357 
998309 
999736 
999626 
999905 
1000098 
999988 
999990 
999911 
1000199 
999827 
999992 
999916 
1000202 
999868 
1000012 
999941 
1000336 
999787 
999986 
999835 
1000547 
999699 
999844 
999934 
1000227 
999809 
999997 
1000089 
1000078 
1000107 
999831 
999922 
1000146 
999864 
1000000 
999923 
1000190 
1000018 
999838 
999935 
1000364 
1000128 
999755 
999759 
1000356 
999831 
999998 
999915 
1000217 
999854 
1000001 
1000008 
1002186 
998271 
999594 
1000137 
1000245 
999653 
999982 
1000086 
1000056 
1000792 
999227 
999802 
999959 
1000054 
999925 
1000001 
1000176 
999942 
1000031 
999785 
1000100 
999986 
1000007 
999921 
1000080 
1000008 
999996 
1000570 
1000080 
999654 
999720 
999924 
1000054 
999996 
1000004 
999918 
1000022 
999993 
999998 
999929 
1000204 
999844 
999997 
999931 
1000177 
1000002 
999998 
1000414 
1000251 
999414 
999823 
999930 
1000358 
999838 
999853 
999929 
1000229 
999837 
1000014 
999919 
1000292 
999836 
1000009 
999931 
1000237 
1000141 
999749 
999955 
1000449 
1000043 
999453 
999981 
1000132 
1000029 
999848 
999920 
1000214 
999985 
999985 
999927 
1000013 
1000007 
999991 
999915 
1000156 
1000000 
999873 
1000235 
1000270 
999639 
999965 
999911 
1000114 
999994 
999997 
999923 
1000174 
999828 
999995 
999929 
1000170 
999872 
1000011 
1000117 
999955 
1000014 
999997 
999835 
1000431 
1000194 
999736 
999776 
1000263 
999656 
1000000 
999919 
