245578 
249220 
249066 
253215 
249561 
247698 
249376 
249932 
251055 
253581 
246264 
249216 
249922 
249942 
250093 
249923 
250092 
249933 
249922 
250088 
249922 
250088 
249932 
250088 
249632 
251055 
249807 
249426 
249918 
250052 
250068 
249887 
251837 
248615 
250288 
249266 
250098 
249922 
251887 
252193 
246524 
248556 
247019 
249895 
250043 
249878 
250052 
249933 
250417 
249789 
250189 
249776 
250237 
249967 
249618 
249942 
249882 
250257 
249808 
250140 
249975 
249972 
249971 
249965 
249978 
250142 
249974 
249978 
249981 
249975 
249978 
249979 
249911 
250360 
249873 
249950 
249947 
249971 
249961 
250124 
249958 
249963 
249960 
250251 
250983 
251174 
250155 
247924 
249685 
250142 
249814 
250077 
250151 
250087 
249967 
249831 
249920 
250089 
250017 
249943 
249998 
249938 
250170 
249865 
250003 
250235 
249854 
249991 
249847 
250351 
249685 
250092 
249932 
250085 
260941 
243711 
245742 
249933 
250417 
249229 
249844 
250359 
249747 
250082 
249924 
250097 
249940 
249918 
250077 
250519 
249838 
249643 
250088 
249926 
250001 
249908 
249999 
250410 
249614 
250142 
249902 
249986 
250057 
249907 
250071 
249916 
250064 
249979 
250062 
249915 
250075 
249913 
250342 
250425 
249457 
249759 
249963 
249964 
250045 
250010 
250275 
250102 
250466 
249646 
249472 
251445 
250919 
249178 
248643 
250035 
249839 
249961 
249980 
249967 
249980 
249976 
250131 
249969 
249965 
249971 
249978 
250140 
249972 
249974 
249894 
250588 
249523 
249977 
249985 
249977 
249975 
250130 
249980 
249977 
249972 
249979 
249969 
249970 
250449 
249755 
261442 
238595 
249740 
250114 
249964 
249954 
250353 
250293 
249869 
249775 
250940 
249876 
250392 
250107 
249506 
250587 
250151 
249601 
249768 
249052 
249857 
250151 
250167 
249898 
249834 
250094 
249976 
250028 
249946 
250222 
249770 
250202 
249852 
250439 
249889 
249641 
249926 
250081 
249918 
250089 
249922 
250157 
249927 
249930 
250133 
249922 
250056 
249869 
250011 
250143 
249930 
249942 
249923 
250086 
249938 
250155 
249983 
250074 
249767 
250129 
249890 
250098 
249929 
250085 
249851 
250336 
249740 
250081 
258397 
241593 
249979 
249918 
250075 
249916 
250077 
249920 
250200 
250068 
250081 
257957 
241916 
250025 
249716 
250064 
250139 
249916 
249992 
249974 
250006 
249918 
250077 
250151 
250015 
249634 
250121 
249969 
249895 
250132 
249954 
249977 
249973 
250129 
249980 
249978 
249974 
250516 
249509 
249979 
249966 
249970 
250129 
249967 
249893 
250137 
250074 
249807 
250122 
249972 
249968 
249971 
249972 
250136 
249963 
249969 
249966 
249972 
249963 
250128 
249895 
250142 
249975 
249969 
249960 
249972 
250275 
249742 
249974 
250138 
249967 
249991 
249995 
249980 
249993 
249977 
249897 
250231 
249795 
250147 
250695 
249485 
250089 
249882 
250094 
250144 
249692 
250065 
249775 
249972 
249975 
250140 
249914 
261604 
238517 
249946 
249985 
249971 
249973 
249978 
249976 
250137 
249983 
249971 
249982 
249979 
249977 
249975 
250059 
250331 
249647 
249962 
250148 
249971 
249967 
249969 
249971 
249974 
250135 
249971 
249975 
249975 
249965 
249968 
250051 
250063 
249978 
249979 
249980 
249971 
250476 
249609 
249971 
249962 
249965 
250218 
249858 
250129 
249918 
249969 
249904 
250117 
249972 
249966 
249968 
249979 
250266 
249943 
249798 
250234 
249804 
249982 
249977 
250140 
249974 
249982 
249894 
250379 
249611 
250129 
249971 
249956 
249973 
250129 
249962 
255118 
248074 
247109 
249842 
249894 
250127 
249916 
249851 
250284 
249828 
250082 
249905 
250079 
249929 
250079 
249926 
250087 
249926 
249975 
249957 
249974 
249977 
249970 
250056 
250056 
249971 
249974 
249966 
249977 
250123 
249971 
249962 
249969 
249968 
250131 
249964 
249968 
249968 
249974 
250058 
250147 
249776 
250137 
249970 
249978 
249982 
249974 
249976 
250875 
249396 
249781 
250099 
250069 
249914 
249982 
249878 
250247 
249811 
249974 
250206 
249800 
249968 
250264 
249923 
249920 
250079 
250347 
249479 
249977 
250138 
249974 
249893 
250245 
249896 
249964 
249985 
249965 
259580 
248524 
242202 
252932 
246826 
250089 
250034 
249889 
250047 
249945 
249987 
250280 
254952 
244967 
249797 
249952 
249961 
258878 
241237 
250070 
249903 
250459 
249588 
250239 
249785 
249806 
250061 
250038 
249967 
249986 
249981 
250148 
249977 
249978 
249980 
249975 
250269 
249738 
249963 
249959 
250124 
249953 
249884 
250487 
249581 
249965 
250119 
249963 
249971 
249956 
250125 
249972 
249968 
249960 
249970 
250132 
249971 
249956 
249896 
250306 
249762 
249973 
250137 
249981 
249972 
249980 
249975 
249980 
249978 
250135 
249981 
249975 
249980 
249976 
249900 
250195 
250089 
249812 
250298 
259147 
245431 
245519 
249886 
250056 
250103 
249841 
250014 
250017 
249795 
250018 
250007 
250226 
249754 
250072 
249923 
250081 
249925 
250091 
249810 
249977 
250231 
249752 
249976 
250137 
249977 
249968 
249901 
250262 
249766 
250145 
249975 
249988 
249974 
249982 
249975 
249994 
249975 
250152 
249973 
249992 
249971 
249991 
249895 
250245 
250074 
249750 
249977 
249971 
250127 
249978 
249981 
249994 
249980 
249977 
249982 
249991 
249980 
250138 
249907 
250167 
249807 
250128 
249975 
249976 
249975 
249965 
249978 
250139 
249977 
249978 
249977 
249977 
249978 
249986 
249891 
250287 
249788 
250133 
249979 
249982 
249991 
249953 
250087 
250069 
250714 
249579 
249631 
249952 
249970 
249970 
250055 
250173 
249821 
250443 
250084 
249564 
250067 
249809 
249970 
250233 
249884 
249955 
249979 
249975 
250137 
249975 
249901 
250126 
249967 
249976 
249976 
249978 
249980 
249985 
250154 
249979 
249979 
249990 
249984 
249971 
249977 
249981 
249890 
250371 
249791 
249963 
249974 
249977 
250131 
249974 
249973 
249976 
249977 
249959 
250134 
249976 
249971 
249976 
249895 
250147 
249965 
249968 
250136 
249968 
250284 
249589 
250119 
249953 
249954 
250406 
249700 
249975 
249971 
249975 
249895 
250121 
249964 
249966 
250136 
249975 
250126 
250391 
249545 
254338 
245840 
250600 
249246 
250058 
249902 
250052 
249836 
250441 
249713 
249926 
250082 
249916 
250080 
249915 
250081 
249925 
250082 
249924 
250084 
249927 
250087 
249927 
250004 
250103 
249917 
250078 
249817 
249953 
249958 
250125 
250087 
250071 
249918 
250067 
249809 
249962 
250119 
249963 
249888 
250150 
249978 
249985 
249969 
249980 
259956 
240025 
250092 
250079 
249930 
250395 
249605 
249969 
249982 
249969 
249897 
250393 
249780 
249976 
249975 
249967 
249961 
250135 
249974 
249968 
249969 
249963 
250135 
249973 
249968 
249970 
249893 
250255 
249803 
250127 
253320 
246703 
250088 
249930 
250085 
249930 
250403 
249555 
249988 
249977 
250004 
249977 
249909 
250233 
249803 
249969 
259666 
240452 
249971 
249974 
249980 
249977 
249967 
250137 
249973 
249983 
249979 
249989 
249894 
250265 
249787 
250128 
249962 
249971 
249965 
249972 
250122 
249969 
249967 
249969 
250317 
249734 
249981 
249975 
249905 
250364 
249812 
249964 
249975 
249986 
249978 
250129 
249979 
249977 
249986 
249977 
249978 
249967 
250148 
249979 
249897 
250260 
249807 
249971 
249971 
249985 
249968 
250132 
250104 
249919 
250091 
249927 
254882 
245005 
249989 
249979 
249906 
250342 
249783 
249969 
250125 
254336 
246102 
249798 
259299 
241058 
249689 
250059 
249960 
249840 
250028 
250049 
249816 
250135 
250029 
250050 
249886 
250042 
250050 
249887 
250037 
249935 
249914 
249977 
251278 
248750 
249958 
250283 
249672 
250126 
249965 
249968 
249967 
249989 
249990 
249978 
249977 
249980 
250145 
249984 
249971 
249980 
249974 
249979 
249899 
250388 
249730 
249961 
250130 
249971 
249967 
249969 
249969 
249966 
250125 
249970 
249963 
249972 
249967 
250129 
249882 
250238 
249816 
249969 
250124 
249971 
249979 
249979 
249979 
249970 
249969 
250133 
249980 
249969 
249971 
249977 
249897 
250146 
249964 
249968 
250135 
249978 
249993 
249992 
249983 
249979 
249975 
249981 
250311 
249833 
250204 
249778 
