494683 
499574 
498803 
499765 
502456 
497910 
499820 
499985 
499960 
500246 
499815 
499574 
501469 
502050 
501674 
497710 
500331 
500621 
496753 
499414 
501454 
499118 
499785 
502020 
498025 
503063 
497765 
499519 
496136 
499486 
500073 
499788 
499967 
499977 
500495 
499624 
500085 
499818 
500146 
499976 
500001 
499979 
499992 
503077 
498386 
498504 
500103 
499861 
500056 
499990 
500023 
500227 
500320 
499646 
499754 
500312 
501343 
510368 
488491 
499907 
499727 
499813 
500226 
499821 
499984 
499986 
499977 
500145 
500120 
499826 
500050 
500102 
499792 
500003 
500112 
500062 
500058 
499817 
499979 
499990 
500739 
500738 
499552 
503315 
496530 
499195 
499992 
499998 
499995 
499994 
499996 
499918 
500163 
500452 
499876 
500281 
502225 
497084 
499991 
499907 
500703 
499477 
499928 
500085 
499859 
501369 
500050 
500581 
500667 
500026 
498792 
498855 
499946 
499944 
499853 
500275 
500050 
499639 
499943 
500004 
499997 
499984 
500244 
500091 
500289 
499471 
499977 
500056 
500279 
499784 
499901 
499970 
500470 
499719 
500078 
499980 
509881 
497333 
492857 
499894 
499917 
499922 
500094 
499984 
500350 
499638 
500139 
499961 
500104 
499737 
500092 
499933 
500100 
499924 
499943 
499987 
500194 
499969 
499929 
499927 
500097 
499859 
499996 
499916 
500052 
499988 
499980 
500498 
499609 
499999 
499979 
499912 
509014 
499505 
492746 
499078 
499657 
499993 
499995 
499919 
500285 
499832 
499997 
499997 
499999 
500000 
499993 
500235 
499792 
499992 
499979 
499989 
500031 
499988 
501398 
498614 
500138 
500042 
499859 
500314 
499981 
500118 
499983 
500182 
499373 
500083 
499912 
500409 
499602 
499987 
499996 
499915 
500504 
499614 
499994 
500508 
499937 
499787 
499763 
499921 
500368 
499802 
500036 
499971 
499973 
499977 
499973 
499904 
500040 
499990 
499970 
500149 
499966 
499992 
499977 
499913 
500172 
499996 
499981 
499980 
499990 
499978 
499988 
499905 
500312 
499834 
499982 
499984 
499984 
499988 
499981 
499907 
500736 
500539 
499134 
499775 
499971 
499986 
499993 
499948 
500122 
499990 
499974 
499982 
499997 
499984 
499987 
510827 
489778 
499512 
500062 
499938 
499974 
499996 
499989 
499915 
500002 
499987 
499995 
499993 
499983 
500010 
499998 
499914 
500180 
499990 
499994 
499989 
499984 
499989 
499980 
499914 
500336 
499847 
499962 
500103 
500806 
499473 
499690 
499924 
500201 
499809 
499984 
499985 
499974 
500007 
499977 
499909 
500194 
499982 
499978 
499982 
499988 
499987 
499980 
499913 
500350 
499795 
499983 
499988 
499981 
499981 
499985 
500082 
500031 
499979 
499986 
499991 
499982 
499992 
499975 
499916 
500151 
500541 
500306 
499447 
499634 
499968 
500142 
499937 
500226 
499797 
499967 
499981 
500432 
499587 
500194 
499723 
500683 
499421 
499980 
499978 
499976 
499978 
500149 
499907 
500212 
499822 
499987 
499982 
499985 
499996 
499975 
499912 
500392 
499922 
499831 
500677 
499352 
499991 
499987 
499921 
500266 
499844 
499989 
499998 
500188 
500819 
499418 
499555 
500005 
499986 
499987 
499983 
499992 
499993 
499994 
499940 
500337 
499792 
499993 
499981 
499990 
499970 
500021 
499908 
500289 
499831 
499982 
499999 
499997 
499987 
499993 
499912 
500151 
500005 
499995 
507428 
492595 
499983 
500001 
499911 
500847 
500148 
499406 
499874 
499780 
499985 
499982 
499925 
500234 
499815 
500143 
499991 
499978 
499985 
499988 
499923 
509585 
490916 
499608 
500114 
499819 
499973 
499986 
500066 
500270 
499803 
499980 
499982 
500009 
499985 
499983 
499915 
500042 
499977 
499979 
500139 
499969 
499985 
499976 
499907 
500152 
499996 
499985 
507369 
493243 
499488 
499943 
499911 
500304 
499637 
500150 
499982 
500039 
499819 
500167 
499910 
500030 
499987 
499985 
499987 
500002 
509919 
490191 
499908 
500021 
499971 
499981 
499993 
499992 
499996 
499998 
499916 
500270 
499874 
500004 
499997 
499997 
499983 
499980 
499913 
500174 
500259 
509472 
490332 
500053 
499787 
499980 
499935 
500133 
499971 
499990 
499992 
499990 
499991 
500000 
499901 
500419 
509229 
490619 
499824 
499986 
500681 
499417 
499898 
500151 
499986 
499992 
499997 
499989 
499980 
499998 
499931 
500245 
499803 
499992 
499989 
500000 
499980 
499987 
499916 
500784 
499562 
499791 
501146 
500005 
499083 
499809 
500126 
499999 
499917 
499945 
500077 
500435 
499424 
500171 
499742 
500359 
499810 
499988 
499991 
499987 
499978 
499990 
499918 
500362 
499893 
499809 
499992 
499984 
500139 
499991 
499902 
500314 
499782 
499984 
499987 
499995 
500018 
499996 
499892 
505695 
495341 
499442 
499834 
499819 
499969 
499985 
499926 
500166 
499972 
499990 
499995 
499991 
499980 
499985 
499939 
500323 
499758 
500337 
499590 
499989 
499985 
499983 
500305 
499909 
499798 
499990 
499984 
500162 
499983 
499979 
499909 
500091 
499975 
499997 
499983 
499993 
500003 
500065 
499955 
500050 
500083 
499995 
499971 
510045 
490277 
499951 
499580 
500187 
499821 
499993 
499985 
499989 
500137 
499982 
499913 
500293 
499679 
499986 
500144 
499973 
499969 
499980 
499901 
500132 
499982 
499991 
499998 
499983 
499989 
499989 
499920 
500136 
499993 
499981 
499988 
499987 
499974 
499982 
500073 
500090 
503237 
499292 
497453 
499987 
499991 
499986 
499927 
500238 
499834 
500004 
499985 
499980 
499981 
499989 
499909 
500171 
500012 
503950 
496255 
499785 
499999 
499995 
499898 
500283 
499821 
499978 
499980 
499974 
499975 
499976 
500068 
500158 
499862 
499998 
499991 
499988 
499974 
499983 
499896 
500174 
499979 
499987 
499991 
502622 
498276 
499508 
499556 
500500 
507649 
491951 
499981 
499984 
499971 
499983 
499910 
500180 
499983 
499979 
499985 
499990 
499984 
499990 
499907 
500160 
500001 
499989 
499990 
499982 
499979 
499990 
499900 
500322 
499838 
499984 
499967 
499980 
499982 
500138 
499905 
506422 
494122 
499689 
499835 
499984 
499979 
499989 
499914 
500067 
499991 
500000 
499989 
499997 
500330 
499974 
499750 
500247 
499783 
499982 
500389 
499588 
499990 
499987 
499903 
500260 
499811 
499986 
499991 
500147 
499978 
500006 
499895 
500144 
499972 
499991 
499991 
499981 
499985 
499988 
499912 
500304 
499807 
499983 
512547 
487750 
499942 
499822 
499896 
500147 
499816 
500142 
499983 
499985 
499974 
499991 
499925 
500163 
499996 
499978 
499982 
499974 
499991 
500051 
499898 
500190 
499800 
499993 
499994 
500149 
499980 
499995 
499913 
499992 
499985 
499991 
499976 
500169 
499971 
499988 
499909 
500021 
504624 
496801 
499506 
499042 
499973 
500152 
499934 
500202 
499793 
499979 
499983 
499975 
499990 
500147 
499901 
500055 
499973 
499987 
502756 
497596 
499590 
500149 
499918 
500075 
499992 
499989 
499980 
499989 
499984 
499991 
499908 
500356 
499806 
499993 
499976 
499987 
499990 
499987 
499908 
500167 
499986 
499979 
504548 
500965 
494835 
500072 
499574 
499978 
499978 
499999 
499983 
499982 
499987 
499982 
500068 
500201 
499809 
499989 
499989 
499978 
499988 
499983 
500080 
500023 
499977 
499981 
499975 
499995 
499988 
499992 
499912 
500149 
499975 
499992 
499989 
499982 
499980 
500149 
499908 
500122 
500082 
500591 
499465 
499785 
499973 
499987 
499923 
500123 
499973 
499975 
499988 
499980 
499980 
500139 
499913 
500044 
499989 
499993 
499985 
500749 
499385 
499809 
500074 
500291 
499646 
499985 
500138 
499981 
499986 
499981 
499909 
500266 
499836 
499975 
499979 
499990 
499990 
499982 
499911 
500397 
499823 
499996 
500019 
500247 
507513 
492443 
499798 
500115 
499791 
499988 
499992 
499996 
500345 
500001 
499574 
500254 
499809 
499984 
500144 
499982 
499981 
499980 
499929 
500124 
499984 
499987 
499978 
499976 
499976 
499996 
499912 
500340 
499825 
499976 
499993 
499992 
499981 
499991 
499931 
500888 
499623 
499659 
509726 
490182 
499976 
499986 
499925 
500225 
499964 
499986 
499979 
499991 
499990 
499990 
499930 
500354 
499641 
500147 
499988 
499992 
500336 
499626 
499947 
500154 
499831 
499988 
499985 
